%% Kalman: eigene Funktion und Überprüfung mit ctrb und obsv in AP1
%Steuerbarkeit:
ans =

   1.0e+04 *

         0    0.0143         0   -3.1532
    0.0143         0   -3.1532         0
         0   -0.0214         0    6.3064
   -0.0214         0    6.3064         0


ans =

   1.0e+04 *

         0    0.0143         0   -3.1532
    0.0143         0   -3.1532         0
         0   -0.0214         0    6.3064
   -0.0214         0    6.3064         0

%Beobachtbarkeit:

ans =

    1.0000         0         0         0
         0         0    1.0000         0
         0    1.0000         0         0
         0         0         0    1.0000
 -126.1286         0   63.0643         0
  189.1929         0 -168.1714         0
         0 -126.1286         0   63.0643
         0  189.1929         0 -168.1714


ans =

    1.0000         0         0         0
         0         0    1.0000         0
         0    1.0000         0         0
         0         0         0    1.0000
 -126.1286         0   63.0643         0
  189.1929         0 -168.1714         0
         0 -126.1286         0   63.0643
         0  189.1929         0 -168.1714
         
%Kalman eigene Funktion und Überprüfung mit ctrb und obsv in AP2

%Steuerbarkeit:
ans =

   1.0e+04 *

         0    0.0143         0    3.1532
    0.0143         0    3.1532         0
         0   -0.0214         0   -6.3064
   -0.0214         0   -6.3064         0


ans =

   1.0e+04 *

         0    0.0143         0    3.1532
    0.0143         0    3.1532         0
         0   -0.0214         0   -6.3064
   -0.0214         0   -6.3064         0

%Beobachtbarkeit:

ans =

    1.0000         0         0         0
         0         0    1.0000         0
         0    1.0000         0         0
         0         0         0    1.0000
  126.1286         0  -63.0643         0
 -189.1929         0  168.1714         0
         0  126.1286         0  -63.0643
         0 -189.1929         0  168.1714


ans =

    1.0000         0         0         0
         0         0    1.0000         0
         0    1.0000         0         0
         0         0         0    1.0000
  126.1286         0  -63.0643         0
 -189.1929         0  168.1714         0
         0  126.1286         0  -63.0643
         0 -189.1929         0  168.1714
         
%Kalman eigene Funktion und Überprüfung mit ctrb und obsv in AP3
%Steuerbarkeit:
Matrix A hat nicht vollen Rang

%Beobachtbarkeit
Matrix A hat nicht vollen Rang